{
 "cells": [
  {
   "cell_type": "code",
   "execution_count": 1,
   "metadata": {},
   "outputs": [],
   "source": [
    "import numpy as np"
   ]
  },
  {
   "cell_type": "code",
   "execution_count": 20,
   "metadata": {},
   "outputs": [],
   "source": [
    "a = np.random.rand(5)"
   ]
  },
  {
   "cell_type": "code",
   "execution_count": 21,
   "metadata": {},
   "outputs": [
    {
     "data": {
      "text/plain": [
       "array([0.88095997, 0.30964343, 0.22332337, 0.1379267 , 0.61070478])"
      ]
     },
     "execution_count": 21,
     "metadata": {},
     "output_type": "execute_result"
    }
   ],
   "source": [
    "a"
   ]
  },
  {
   "cell_type": "code",
   "execution_count": 22,
   "metadata": {},
   "outputs": [
    {
     "name": "stdout",
     "output_type": "stream",
     "text": [
      "(5,)\n"
     ]
    }
   ],
   "source": [
    "print(a.shape)"
   ]
  },
  {
   "cell_type": "code",
   "execution_count": 23,
   "metadata": {},
   "outputs": [
    {
     "data": {
      "text/plain": [
       "array([0.88095997, 0.30964343, 0.22332337, 0.1379267 , 0.61070478])"
      ]
     },
     "execution_count": 23,
     "metadata": {},
     "output_type": "execute_result"
    }
   ],
   "source": [
    "a.T"
   ]
  },
  {
   "cell_type": "code",
   "execution_count": 24,
   "metadata": {},
   "outputs": [
    {
     "name": "stdout",
     "output_type": "stream",
     "text": [
      "1.3138269621119825\n"
     ]
    }
   ],
   "source": [
    "print(np.dot(a,a.T))"
   ]
  },
  {
   "cell_type": "code",
   "execution_count": 34,
   "metadata": {},
   "outputs": [],
   "source": [
    "x = np.random.rand(4,4)"
   ]
  },
  {
   "cell_type": "code",
   "execution_count": 35,
   "metadata": {},
   "outputs": [
    {
     "data": {
      "text/plain": [
       "array([[0.86854655, 0.13312936, 0.20006479, 0.67833184],\n",
       "       [0.50424691, 0.94942074, 0.82040028, 0.60191606],\n",
       "       [0.48372353, 0.9921369 , 0.37251621, 0.66915171],\n",
       "       [0.5965522 , 0.60773053, 0.65930236, 0.59411448]])"
      ]
     },
     "execution_count": 35,
     "metadata": {},
     "output_type": "execute_result"
    }
   ],
   "source": [
    "x"
   ]
  },
  {
   "cell_type": "code",
   "execution_count": 36,
   "metadata": {},
   "outputs": [
    {
     "data": {
      "text/plain": [
       "array([[0.86854655, 0.50424691, 0.48372353, 0.5965522 ],\n",
       "       [0.13312936, 0.94942074, 0.9921369 , 0.60773053],\n",
       "       [0.20006479, 0.82040028, 0.37251621, 0.65930236],\n",
       "       [0.67833184, 0.60191606, 0.66915171, 0.59411448]])"
      ]
     },
     "execution_count": 36,
     "metadata": {},
     "output_type": "execute_result"
    }
   ],
   "source": [
    "x.T"
   ]
  },
  {
   "cell_type": "code",
   "execution_count": 26,
   "metadata": {},
   "outputs": [],
   "source": [
    "b = np.random.rand(5,1)"
   ]
  },
  {
   "cell_type": "code",
   "execution_count": 28,
   "metadata": {},
   "outputs": [
    {
     "data": {
      "text/plain": [
       "array([[0.19337147],\n",
       "       [0.42192005],\n",
       "       [0.89318978],\n",
       "       [0.63183192],\n",
       "       [0.83983722]])"
      ]
     },
     "execution_count": 28,
     "metadata": {},
     "output_type": "execute_result"
    }
   ],
   "source": [
    "b"
   ]
  },
  {
   "cell_type": "code",
   "execution_count": 37,
   "metadata": {},
   "outputs": [
    {
     "name": "stdout",
     "output_type": "stream",
     "text": [
      "[[0.19337147 0.42192005 0.89318978 0.63183192 0.83983722]]\n"
     ]
    }
   ],
   "source": [
    "print(b.T)"
   ]
  },
  {
   "cell_type": "code",
   "execution_count": 39,
   "metadata": {},
   "outputs": [
    {
     "name": "stdout",
     "output_type": "stream",
     "text": [
      "[[0.03739253 0.0815873  0.17271742 0.12217827 0.16240056]\n",
      " [0.0815873  0.17801653 0.37685468 0.26658256 0.35434416]\n",
      " [0.17271742 0.37685468 0.79778799 0.56434582 0.75013402]\n",
      " [0.12217827 0.26658256 0.56434582 0.39921158 0.53063596]\n",
      " [0.16240056 0.35434416 0.75013402 0.53063596 0.70532655]]\n"
     ]
    }
   ],
   "source": [
    "print(np.dot(b,b.T)) #Dot Product"
   ]
  },
  {
   "cell_type": "code",
   "execution_count": 42,
   "metadata": {},
   "outputs": [
    {
     "data": {
      "text/plain": [
       "(2, 3)"
      ]
     },
     "execution_count": 42,
     "metadata": {},
     "output_type": "execute_result"
    }
   ],
   "source": [
    "a = np.random.randn(2, 3) # a.shape = (2, 3)\n",
    "b = np.random.randn(2, 1) # b.shape = (2, 1)\n",
    "c = a + b\n",
    "np.shape(c)"
   ]
  },
  {
   "cell_type": "code",
   "execution_count": 43,
   "metadata": {},
   "outputs": [
    {
     "data": {
      "text/plain": [
       "(12288, 45)"
      ]
     },
     "execution_count": 43,
     "metadata": {},
     "output_type": "execute_result"
    }
   ],
   "source": [
    "a = np.random.randn(12288, 150) # a.shape = (12288, 150)\n",
    "b = np.random.randn(150, 45) # b.shape = (150, 45)\n",
    "c = np.dot(a,b)\n",
    "np.shape(c)"
   ]
  },
  {
   "cell_type": "code",
   "execution_count": 44,
   "metadata": {},
   "outputs": [
    {
     "ename": "ValueError",
     "evalue": "operands could not be broadcast together with shapes (4,3) (3,2) ",
     "output_type": "error",
     "traceback": [
      "\u001b[1;31m---------------------------------------------------------------------------\u001b[0m",
      "\u001b[1;31mValueError\u001b[0m                                Traceback (most recent call last)",
      "\u001b[1;32m<ipython-input-44-20aba40ca292>\u001b[0m in \u001b[0;36m<module>\u001b[1;34m\u001b[0m\n\u001b[0;32m      1\u001b[0m \u001b[0ma\u001b[0m \u001b[1;33m=\u001b[0m \u001b[0mnp\u001b[0m\u001b[1;33m.\u001b[0m\u001b[0mrandom\u001b[0m\u001b[1;33m.\u001b[0m\u001b[0mrandn\u001b[0m\u001b[1;33m(\u001b[0m\u001b[1;36m4\u001b[0m\u001b[1;33m,\u001b[0m \u001b[1;36m3\u001b[0m\u001b[1;33m)\u001b[0m \u001b[1;31m# a.shape = (4, 3)\u001b[0m\u001b[1;33m\u001b[0m\u001b[1;33m\u001b[0m\u001b[0m\n\u001b[0;32m      2\u001b[0m \u001b[0mb\u001b[0m \u001b[1;33m=\u001b[0m \u001b[0mnp\u001b[0m\u001b[1;33m.\u001b[0m\u001b[0mrandom\u001b[0m\u001b[1;33m.\u001b[0m\u001b[0mrandn\u001b[0m\u001b[1;33m(\u001b[0m\u001b[1;36m3\u001b[0m\u001b[1;33m,\u001b[0m \u001b[1;36m2\u001b[0m\u001b[1;33m)\u001b[0m \u001b[1;31m# b.shape = (3, 2)\u001b[0m\u001b[1;33m\u001b[0m\u001b[1;33m\u001b[0m\u001b[0m\n\u001b[1;32m----> 3\u001b[1;33m \u001b[0mc\u001b[0m \u001b[1;33m=\u001b[0m \u001b[0ma\u001b[0m\u001b[1;33m*\u001b[0m\u001b[0mb\u001b[0m\u001b[1;33m\u001b[0m\u001b[1;33m\u001b[0m\u001b[0m\n\u001b[0m",
      "\u001b[1;31mValueError\u001b[0m: operands could not be broadcast together with shapes (4,3) (3,2) "
     ]
    }
   ],
   "source": [
    "a = np.random.randn(4, 3) # a.shape = (4, 3)\n",
    "b = np.random.randn(3, 2) # b.shape = (3, 2)\n",
    "c = a*b"
   ]
  },
  {
   "cell_type": "code",
   "execution_count": 46,
   "metadata": {},
   "outputs": [
    {
     "data": {
      "text/plain": [
       "(3, 3)"
      ]
     },
     "execution_count": 46,
     "metadata": {},
     "output_type": "execute_result"
    }
   ],
   "source": [
    "a = np.random.randn(3, 3)\n",
    "b = np.random.randn(3, 1)\n",
    "c = a*b\n",
    "np.shape(c)"
   ]
  }
 ],
 "metadata": {
  "kernelspec": {
   "display_name": "Python 3",
   "language": "python",
   "name": "python3"
  },
  "language_info": {
   "codemirror_mode": {
    "name": "ipython",
    "version": 3
   },
   "file_extension": ".py",
   "mimetype": "text/x-python",
   "name": "python",
   "nbconvert_exporter": "python",
   "pygments_lexer": "ipython3",
   "version": "3.7.4"
  }
 },
 "nbformat": 4,
 "nbformat_minor": 2
}
